1
3
4
5
6
2
分界值：6/
7
8
9
10
循环次数：2

1
3
4
5
2
分界值：5/
6
循环次数：3

1
3
4
5
2
分界值：5/
循环次数：4

1
3
4
5
2
分界值：5/
循环次数：5
1
3
4
5
2
分界值：5/
循环次数：6
1
3
4
5
2
分界值：5/
循环次数：7
1
3
4
5
2
分界值：5/
循环次数：8
1
3
4
5
2
分界值：5/
循环次数：9
1
3
4
5
2
分界值：5/
循环次数：10
1
3
4
5
2
分界值：5/
循环次数：11
1
3
4
5
2
分界值：5/
循环次数：12
1
3
4
5
2
分界值：5/
循环次数：13
1
3
4
5
2
分界值：5/
循环次数：14
1
3
4
5
2
分界值：5/
循环次数：15
1
3
4
5
2
分界值：5/
循环次数：16
1
3
4
5
2
分界值：5/
循环次数：17
1
3
4
5
2
分界值：5/
循环次数：18
1
3
4
5
2
分界值：5/
循环次数：19
1
3
4
5
2
分界值：5/
循环次数：20
1
3
4
5
2
分界值：5/
循环次数：21
1
3
4
5
2
分界值：5/
循环次数：22
1
3
4
5
2
分界值：5/
循环次数：23
1
3
4
5
2
分界值：5/
循环次数：24
1
3
4
5
2
分界值：5/
循环次数：25
1
3
4
5
2
分界值：5/
循环次数：26
1
3
4
5
2
分界值：5/
循环次数：27
1
3
4
5
2
分界值：5/
循环次数：28
1
3
4
5
2
分界值：5/
循环次数：29
1
3
4
5
2
分界值：5/
循环次数：30
1
3
4
5
2
分界值：5/
循环次数：31
1
3
4
5
2
分界值：5/
循环次数：32
1
3
4
5
2
分界值：5/
循环次数：33
1
3
4
5
2
分界值：5/
循环次数：34
1
3
4
5
2
分界值：5/
循环次数：35
1
3
4
5
2
分界值：5/
循环次数：36
1
3
4
5
2
分界值：5/
循环次数：37
1
3
4
5
2
分界值：5/
循环次数：38
1
3
4
5
2
分界值：5/
循环次数：39
1
3
4
5
2
分界值：5/
循环次数：40
1
3
4
5
2
分界值：5/
循环次数：41
1
3
4
5
2
分界值：5/
循环次数：42
1
3
4
5
2
分界值：5/
循环次数：43
1
3
4
5
2
分界值：5/
循环次数：44
1
3
4
5
2
分界值：5/
循环次数：45
1
3
4
5
2
分界值：5/
循环次数：46
1
3
4
5
2
分界值：5/
循环次数：47
1
3
4
5
2
分界值：5/
循环次数：48
1
3
4
5
2
分界值：5/
循环次数：49
1
3
4
5
2
分界值：5/
循环次数：50
1
3
4
5
2
分界值：5/
循环次数：51
1
3
4
5
2
分界值：5/
循环次数：52
1
3
4
5
2
分界值：5/
循环次数：53
1
3
4
5
2
分界值：5/
循环次数：54
1
3
4
5
2
分界值：5/
循环次数：55
1
3
4
5
2
分界值：5/
循环次数：56
1
3
4
5
2
分界值：5/
循环次数：57
1
3
4
5
2
分界值：5/
循环次数：58
1
3
4
5
2
分界值：5/
循环次数：59
1
3
4
5
2
分界值：5/
循环次数：60
1
3
4
5
2
分界值：5/
循环次数：61
1
3
4
5
2
分界值：5/
循环次数：62
1
3
4
5
2
分界值：5/
循环次数：63
1
3
4
5
2
分界值：5/
循环次数：64
1
3
4
5
2
分界值：5/
循环次数：65
1
3
4
5
2
分界值：5/
循环次数：66
1
3
4
5
2
分界值：5/
循环次数：67
1
3
4
5
2
分界值：5/
循环次数：68
1
3
4
5
2
分界值：5/
循环次数：69
1
3
4
5
2
分界值：5/
循环次数：70
1
3
4
5
2
分界值：5/
循环次数：71
1
3
4
5
2
分界值：5/
循环次数：72
1
3
4
5
2
分界值：5/
循环次数：73
1
3
4
5
2
分界值：5/
循环次数：74
1
3
4
5
2
分界值：5/
循环次数：75
1
3
4
5
2
分界值：5/
循环次数：76
1
3
4
5
2
分界值：5/
循环次数：77
1
3
4
5
2
分界值：5/
循环次数：78
1
3
4
5
2
分界值：5/
循环次数：79
1
3
4
5
2
分界值：5/
循环次数：80
1
3
4
5
2
分界值：5/
循环次数：81
1
3
4
5
2
分界值：5/
循环次数：82
1
3
4
5
2
分界值：5/
循环次数：83
1
3
4
5
2
分界值：5/
循环次数：84
1
3
4
5
2
分界值：5/
循环次数：85
1
3
4
5
2
分界值：5/
循环次数：86
1
3
4
5
2
分界值：5/
循环次数：87
1
3
4
5
2
分界值：5/
循环次数：88
1
3
4
5
2
分界值：5/
循环次数：89
1
3
4
5
2
分界值：5/
循环次数：90
1
3
4
5
2
分界值：5/
循环次数：91
1
3
4
5
2
分界值：5/
循环次数：92
1
3
4
5
2
分界值：5/
循环次数：93
1
3
4
5
2
分界值：5/
循环次数：94
1
3
4
5
2
分界值：5/
循环次数：95
1
3
4
5
2
分界值：5/
循环次数：96
1
3
4
5
2
分界值：5/
循环次数：97
1
3
4
5
2
分界值：5/
循环次数：98
1
3
4
5
2
分界值：5/
循环次数：99
1
3
4
5
2
分界值：5/
循环次数：100
1
3
4
5
2
分界值：5/
循环次数：101
